      0.000000  3.410000E-01  0.000000E+00 -4.999999E-03  0.000000E+00  1.900000E-02  0.000000E+00  0.000000E+00
      0.050000  3.409966E-01  1.421028E-08 -4.931945E-03  5.742700E-08  1.898708E-02 -2.874042E-10 -1.437454E-07
      0.100000  3.409882E-01  4.837164E-08 -4.760996E-03  1.984147E-07  1.895519E-02 -7.913822E-10 -4.954413E-07
      0.150000  3.409748E-01  1.003676E-07 -4.486017E-03  4.192051E-07  1.890495E-02 -1.171602E-09 -1.113538E-06
      0.200000  3.409564E-01  1.682070E-07 -4.106056E-03  7.160886E-07  1.883699E-02 -1.122682E-09 -1.946930E-06
      0.250000  3.409338E-01  2.473828E-07 -3.638644E-03  1.074032E-06  1.875452E-02 -3.852597E-10 -3.011049E-06
      0.300000  3.409066E-01  3.380625E-07 -3.064875E-03  1.500268E-06  1.865574E-02  1.468958E-09 -4.216774E-06
      0.350000  3.408744E-01  4.388481E-07 -2.385322E-03  1.993084E-06  1.854089E-02  4.643668E-09 -5.604756E-06
      0.400000  3.408375E-01  5.472191E-07 -1.599416E-03  2.547809E-06  1.841081E-02  9.545191E-09 -7.111703E-06
      0.450000  3.407955E-01  6.622880E-07 -7.073507E-04  3.161810E-06  1.826613E-02  1.622075E-08 -8.703371E-06
      0.500000  3.407488E-01  7.819858E-07  2.905503E-04  3.831435E-06  1.810749E-02  2.496630E-08 -1.034122E-05
      0.550000  3.406973E-01  9.068215E-07  1.395065E-03  4.554321E-06  1.793563E-02  3.552531E-08 -1.201035E-05
      0.600000  3.406405E-01  1.032577E-06  2.603173E-03  5.327276E-06  1.775112E-02  4.869760E-08 -1.360832E-05
      0.650000  3.405795E-01  1.161396E-06  3.916409E-03  6.148977E-06  1.755467E-02  6.386426E-08 -1.514033E-05
      0.700000  3.405137E-01  1.289930E-06  5.331568E-03  7.016587E-06  1.734688E-02  8.166298E-08 -1.652825E-05
      0.750000  3.404431E-01  1.418947E-06  6.848384E-03  7.928740E-06  1.712836E-02  1.017331E-07 -1.774288E-05
      0.800000  3.403683E-01  1.547688E-06  8.464918E-03  8.883674E-06  1.689974E-02  1.241582E-07 -1.868802E-05
      0.850000  3.402882E-01  1.676355E-06  1.017946E-02  9.879950E-06  1.666160E-02  1.486655E-07 -1.933789E-05
      0.900000  3.402042E-01  1.805170E-06  1.198996E-02  1.091681E-05  1.641454E-02  1.751270E-07 -1.966241E-05
      0.950000  3.401146E-01  1.934141E-06  1.389422E-02  1.199248E-05  1.615910E-02  2.032869E-07 -1.959729E-05
      1.000000  3.400221E-01  2.064471E-06  1.588983E-02  1.310655E-05  1.589584E-02  2.327330E-07 -1.910184E-05
      1.050000  3.399229E-01  2.197595E-06  1.797650E-02  1.425665E-05  1.562552E-02  2.628358E-07 -1.815048E-05
      1.100000  3.398209E-01  2.332226E-06  2.014700E-02  1.544221E-05  1.534864E-02  2.936323E-07 -1.668484E-05
      1.150000  3.397141E-01  2.473402E-06  2.240368E-02  1.666426E-05  1.506553E-02  3.238571E-07 -1.469496E-05
      1.200000  3.396025E-01  2.619422E-06  2.473907E-02  1.792031E-05  1.477690E-02  3.534590E-07 -1.214037E-05
      1.250000  3.394861E-01  2.774692E-06  2.715245E-02  1.921227E-05  1.448293E-02  3.812758E-07 -8.992813E-06
      1.300000  3.393660E-01  2.940059E-06  2.963951E-02  2.053780E-05  1.418420E-02  4.066312E-07 -5.223320E-06
      1.350000  3.392420E-01  3.118485E-06  3.219672E-02  2.189733E-05  1.388109E-02  4.285278E-07 -8.014393E-07
      1.400000  3.391123E-01  3.312066E-06  3.482029E-02  2.328957E-05  1.357399E-02  4.459877E-07  4.309655E-06
      1.450000  3.389797E-01  3.524417E-06  3.750630E-02  2.471472E-05  1.326327E-02  4.577712E-07  1.015012E-05
      1.500000  3.388424E-01  3.757826E-06  4.025067E-02  2.617206E-05  1.294928E-02  4.628000E-07  1.676492E-05
      1.550000  3.387012E-01  4.014842E-06  4.305193E-02  2.765714E-05  1.263269E-02  4.600109E-07  2.420512E-05
      1.600000  3.385563E-01  4.297592E-06  4.590012E-02  2.916834E-05  1.231426E-02  4.477760E-07  3.253704E-05
      1.650000  3.384056E-01  4.613215E-06  4.879817E-02  3.070925E-05  1.199324E-02  4.244706E-07  4.180838E-05
      1.700000  3.382511E-01  4.962144E-06  5.173561E-02  3.227297E-05  1.167099E-02  3.886531E-07  5.210726E-05
      1.750000  3.380947E-01  5.351458E-06  5.471171E-02  3.386404E-05  1.134673E-02  3.384019E-07  6.349679E-05
      1.800000  3.379345E-01  5.783602E-06  5.772050E-02  3.547778E-05  1.102118E-02  2.722237E-07  7.604944E-05
      1.850000  3.377686E-01  6.262720E-06  6.075741E-02  3.711272E-05  1.069446E-02  1.883679E-07  8.983610E-05
      1.900000  3.375988E-01  6.792888E-06  6.381771E-02  3.876675E-05  1.036678E-02  8.507543E-08  1.049420E-04
      1.950000  3.374271E-01  7.378227E-06  6.689654E-02  4.043735E-05  1.003830E-02 -3.945579E-08  1.213842E-04
      2.000000  3.372517E-01  8.023054E-06  6.998903E-02  4.212205E-05  9.709171E-03 -1.871104E-07  1.392474E-04
      2.050000  3.370724E-01  8.727900E-06  7.309262E-02  4.381294E-05  9.379884E-03 -3.586563E-07  1.585351E-04
      2.100000  3.368893E-01  9.498075E-06  7.619709E-02  4.550542E-05  9.051953E-03 -5.572408E-07  1.792503E-04
      2.150000  3.367023E-01  1.034157E-05  7.930502E-02  4.720370E-05  8.722936E-03 -7.843693E-07  2.014003E-04
      2.200000  3.365116E-01  1.125808E-05  8.240540E-02  4.889524E-05  8.395448E-03 -1.042038E-06  2.248745E-04
      2.250000  3.363190E-01  1.225763E-05  8.549761E-02  5.058517E-05  8.067408E-03 -1.332643E-06  2.496534E-04
      2.300000  3.361225E-01  1.334040E-05  8.857523E-02  5.226372E-05  7.739872E-03 -1.657433E-06  2.755917E-04
      2.350000  3.359222E-01  1.451138E-05  9.163366E-02  5.392753E-05  7.412750E-03 -2.018282E-06  3.025418E-04
      2.400000  3.357201E-01  1.577380E-05  9.466814E-02  5.557080E-05  7.086109E-03 -2.416796E-06  3.303638E-04
      2.450000  3.355141E-01  1.713100E-05  9.767398E-02  5.718788E-05  6.760005E-03 -2.854499E-06  3.587704E-04
      2.500000  3.353043E-01  1.858671E-05  1.006465E-01  5.877311E-05  6.434485E-03 -3.332930E-06  3.876060E-04
      2.550000  3.350906E-01  2.013576E-05  1.035823E-01  6.031383E-05  6.109794E-03 -3.851595E-06  4.165722E-04
      2.600000  3.348751E-01  2.178950E-05  1.064734E-01  6.180225E-05  5.788436E-03 -4.414681E-06  4.453921E-04
      2.650000  3.346596E-01  2.354692E-05  1.093212E-01  6.323903E-05  5.466249E-03 -5.021030E-06  4.737771E-04
      2.700000  3.344383E-01  2.541201E-05  1.121167E-01  6.460745E-05  5.147274E-03 -5.673419E-06  5.014349E-04
      2.750000  3.342133E-01  2.738953E-05  1.148593E-01  6.590990E-05  4.828200E-03 -6.372256E-06  5.281231E-04
      2.800000  3.339882E-01  2.947833E-05  1.175436E-01  6.713265E-05  4.510507E-03 -7.118007E-06  5.535112E-04
      2.850000  3.337593E-01  3.168019E-05  1.201657E-01  6.826807E-05  4.193979E-03 -7.911223E-06  5.773306E-04
      2.900000  3.335247E-01  3.399570E-05  1.227219E-01  6.930697E-05  3.878658E-03 -8.752196E-06  5.993349E-04
      2.950000  3.332920E-01  3.642520E-05  1.252086E-01  7.024030E-05  3.564573E-03 -9.640982E-06  6.193015E-04
      3.000000  3.330536E-01  3.896837E-05  1.276220E-01  7.105755E-05  3.251762E-03 -1.057751E-05  6.370862E-04
      3.050000  3.328152E-01  4.161540E-05  1.299586E-01  7.174944E-05  2.940261E-03 -1.155939E-05  6.524266E-04
      3.100000  3.325710E-01  4.438113E-05  1.322143E-01  7.229733E-05  2.633495E-03 -1.259128E-05  6.652914E-04
      3.150000  3.323250E-01  4.724854E-05  1.343890E-01  7.270067E-05  2.326000E-03 -1.366665E-05  6.755281E-04
      3.200000  3.320770E-01  5.022887E-05  1.364774E-01  7.293864E-05  2.023012E-03 -1.478988E-05  6.830670E-04
      3.250000  3.318291E-01  5.331388E-05  1.384792E-01  7.300804E-05  1.720368E-03 -1.595683E-05  6.879004E-04
      3.300000  3.315773E-01  5.650210E-05  1.403906E-01  7.289448E-05  1.419928E-03 -1.716736E-05  6.899059E-04
      3.350000  3.313217E-01  5.979023E-05  1.422097E-01  7.258733E-05  1.121461E-03 -1.841991E-05  6.891511E-04
      3.400000  3.310623E-01  6.317498E-05  1.439340E-01  7.207526E-05  8.250597E-04 -1.971311E-05  6.855718E-04
      3.450000  3.307991E-01  6.665212E-05  1.455618E-01  7.134660E-05  5.308112E-04 -2.104515E-05  6.791463E-04
      3.500000  3.305397E-01  7.021771E-05  1.470910E-01  7.039034E-05  2.388128E-04 -2.241440E-05  6.698764E-04
      3.550000  3.302765E-01  7.385761E-05  1.485183E-01  6.919805E-05 -5.105055E-05 -2.381635E-05  6.576290E-04
      3.600000  3.300056E-01  7.759355E-05  1.498447E-01  6.775285E-05 -3.347583E-04 -2.525806E-05  6.423969E-04
      3.650000  3.297348E-01  8.138411E-05  1.510679E-01  6.604278E-05 -6.183543E-04 -2.672494E-05  6.240266E-04
      3.700000  3.294601E-01  8.525636E-05  1.521878E-01  6.405664E-05 -8.959722E-04 -2.822631E-05  6.023702E-04
      3.750000  3.291855E-01  8.918197E-05  1.532039E-01  6.177992E-05 -1.172053E-03 -2.975175E-05  5.772421E-04
      3.800000  3.289108E-01  9.316405E-05  1.541152E-01  5.920368E-05 -1.444532E-03 -3.130241E-05  5.484223E-04
      3.850000  3.286247E-01  9.719544E-05  1.549212E-01  5.631668E-05 -1.713570E-03 -3.287555E-05  5.156850E-04
      3.900000  3.283424E-01  1.012700E-04  1.556219E-01  5.310774E-05 -1.978986E-03 -3.446905E-05  4.787248E-04
      3.950000  3.280563E-01  1.053817E-04  1.562170E-01  4.956681E-05 -2.240604E-03 -3.608071E-05  4.372323E-04
      4.000000  3.277664E-01  1.095238E-04  1.567069E-01  4.568244E-05 -2.498232E-03 -3.770833E-05  3.909706E-04
      4.050000  3.274727E-01  1.136794E-04  1.570885E-01  4.145060E-05 -2.752081E-03 -3.934520E-05  3.395966E-04
      4.100000  3.271790E-01  1.178866E-04  1.573681E-01  3.686111E-05 -2.998012E-03 -4.100630E-05  2.828711E-04
      4.150000  3.268814E-01  1.220704E-04  1.575410E-01  3.189194E-05 -3.241857E-03 -4.266515E-05  2.205845E-04
      4.200000  3.265800E-01  1.262873E-04  1.576127E-01  2.654660E-05 -3.477840E-03 -4.434218E-05  1.525641E-04
      4.250000  3.262749E-01  1.304821E-04  1.575822E-01  2.080132E-05 -3.710097E-03 -4.601892E-05  7.872783E-05
      4.300000  3.259697E-01  1.346689E-04  1.574512E-01  1.465608E-05 -3.936608E-03 -4.770029E-05 -9.154795E-07
      4.350000  3.256569E-01  1.388366E-04  1.572209E-01  8.100985E-06 -4.157426E-03 -4.938317E-05 -8.624909E-05
      4.400000  3.253441E-01  1.429786E-04  1.568932E-01  1.129327E-06 -4.372305E-03 -5.106580E-05 -1.770432E-04
      4.450000  3.250275E-01  1.470877E-04  1.564696E-01 -6.265754E-06 -4.580991E-03 -5.274641E-05 -2.729246E-04
      4.500000  3.247070E-01  1.511556E-04  1.559521E-01 -1.409108E-05 -4.783225E-03 -5.442289E-05 -3.734092E-04
      4.550000  3.243828E-01  1.551647E-04  1.553389E-01 -2.234124E-05 -4.979256E-03 -5.608701E-05 -4.778528E-04
      4.600000  3.240547E-01  1.591668E-04  1.546400E-01 -3.102623E-05 -5.165369E-03 -5.776169E-05 -5.854850E-04
      4.650000  3.237267E-01  1.630548E-04  1.538491E-01 -4.015938E-05 -5.346482E-03 -5.940809E-05 -6.954275E-04
      4.700000  3.233910E-01  1.669111E-04  1.529760E-01 -4.973236E-05 -5.517620E-03 -6.105764E-05 -8.066191E-04
      4.750000  3.230515E-01  1.706536E-04  1.520191E-01 -5.976280E-05 -5.682161E-03 -6.268269E-05 -9.179906E-04
      4.800000  3.227081E-01  1.743045E-04  1.509825E-01 -7.024314E-05 -5.838374E-03 -6.429133E-05 -1.028314E-03
      4.850000  3.223648E-01  1.778472E-04  1.498689E-01 -8.117436E-05 -5.986238E-03 -6.587871E-05 -1.136325E-03
      4.900000  3.220177E-01  1.812714E-04  1.486811E-01 -9.255580E-05 -6.125492E-03 -6.744206E-05 -1.240728E-03
